{
  "stack": 1.122276,
  "streak": 3,
  "run_id": 2,
  "best_streak": 43,
  "best_stack": 96.43,
  "windows_played": 455,
  "wins": 407,
  "losses": 0,
  "panic_exits": 48,
  "realized_pnl": 189.28833555846592,
  "halted": false,
  "banked": 189.29157383846595
}